0	-0.00552406054250427
0.001953125	0.00577771700469071
0.00390625	-0.0062605725854296
0.005859375	0.00762857723839708
0.0078125	-0.0792782806325217
0.009765625	-0.377172990681799
0.01171875	-0.95139855157499
0.013671875	-1.79208575193479
0.015625	-3.02077029102844
0.017578125	-4.67841326490505
0.01953125	-7.11435507049627
0.021484375	-10.676099963148
0.0234375	-18.0066573622255
0.025390625	-48.9898423410741
0.02734375	-62.9680172860546
0.029296875	-62.7580547115197
0.03125	-64.4128722907706
0.033203125	-66.0958000727243
0.03515625	-67.6238579416951
0.037109375	-68.9900072834671
0.0390625	-70.2143425059757
0.041015625	-71.3185170621327
0.04296875	-72.3210435397205
0.044921875	-73.2369501298537
0.046875	-74.0783232578441
0.048828125	-74.8549272318296
0.05078125	-75.5747245639183
0.052734375	-76.2442794050032
0.0546875	-76.8690629628148
0.056640625	-77.4536838292423
0.05859375	-78.0020624628206
0.060546875	-78.517564449006
0.0625	-79.0031032646985
0.064453125	-79.4612203353411
0.06640625	-79.8941480351718
0.068359375	-80.3038597560377
0.0703125	-80.6921100744302
0.072265625	-81.0604672667665
0.07421875	-81.4103398537741
0.076171875	-81.7429984468016
0.078125	-82.0595938635597
0.080078125	-82.3611722598711
0.08203125	-82.6486878541843
0.083984375	-82.9230136977231
0.0859375	-83.1849508455951
0.087890625	-83.4352362116982
0.08984375	-83.6745493334523
0.091796875	-83.903518227245
0.09375	-84.1227244829205
0.095703125	-84.332707715413
0.09765625	-84.5339694736642
0.099609375	-84.7269766852578
0.1015625	-84.9121647063685
0.103515625	-85.0899400297257
0.10546875	-85.2606827003758
0.107421875	-85.4247484749494
0.109375	-85.5824707608987
0.111328125	-85.73416236035
0.11328125	-85.8801170454524
0.115234375	-86.0206109828381
0.1171875	-86.155904027063
0.119140625	-86.2862408960451
0.12109375	-86.4118522430043
0.123046875	-86.5329556353225
0.125	-86.6497564503464
0.126953125	-86.76244869716
0.12890625	-86.8712157707067
0.130859375	-86.9762311467247
0.1328125	-87.0776590207797
0.134765625	-87.1756548997164
0.13671875	-87.2703661463473
0.138671875	-87.3619324856956
0.140625	-87.4504864718397
0.142578125	-87.5361539232775
0.14453125	-87.6190543250534
0.146484375	-87.6993012048414
0.1484375	-87.7770024808731
0.150390625	-87.8522607880399
0.15234375	-87.9251737802592
0.154296875	-87.9958344140931
0.15625	-88.0643312126248
0.158203125	-88.1307485128531
0.16015625	-88.1951666968001
0.162109375	-88.2576624078707
0.1640625	-88.3183087540163
0.166015625	-88.3771754973304
0.16796875	-88.4343292332293
0.169921875	-88.4898335570279
0.171875	-88.5437492223367
0.173828125	-88.5961342877372
0.17578125	-88.6470442572373
0.177734375	-88.6965322097135
0.1796875	-88.7446489235156
0.181640625	-88.7914429912328
0.18359375	-88.8369609303159
0.185546875	-88.8812472850519
0.1875	-88.9243447249769
0.189453125	-88.966294135683
0.19140625	-89.0071347064254
0.193359375	-89.0469040113274
0.1953125	-89.0856380872677
0.197265625	-89.1233715068638
0.19921875	-89.1601374476351
0.201171875	-89.1959677578127
0.203125	-89.2308930178406
0.205078125	-89.2649425997449
0.20703125	-89.2981447219712
0.208984375	-89.3305265030665
0.2109375	-89.3621140105027
0.212890625	-89.392932309336
0.21484375	-89.4230055058855
0.216796875	-89.4523567916845
0.21875	-89.4810084827234
0.220703125	-89.5089820591769
0.22265625	-89.5362982007514
0.224609375	-89.5629768225394
0.2265625	-89.5890371070443
0.228515625	-89.6144975364191
0.23046875	-89.6393759216757
0.232421875	-89.6636894315926
0.234375	-89.6874546194503
0.236328125	-89.7106874489014
0.23828125	-89.7334033186213
0.240234375	-89.7556170852921
0.2421875	-89.7773430865156
0.244140625	-89.7985951611877
0.24609375	-89.8193866707734
0.248046875	-89.839730517355
0.25	-89.8596391634831
0.251953125	-89.8791246482743
0.25390625	-89.8981986056351
0.255859375	-89.9168722787887
0.2578125	-89.9351565371534
0.259765625	-89.9530618893677
0.26171875	-89.9705984987015
0.263671875	-89.9877761951492
0.265625	-90.0046044892391
0.267578125	-90.0210925834229
0.26953125	-90.0372493842959
0.271484375	-90.0530835134421
0.2734375	-90.0686033182209
0.275390625	-90.0838168821326
0.27734375	-90.0987320342518
0.279296875	-90.113356359118
0.28125	-90.1276972051006
0.283203125	-90.1417616937239
0.28515625	-90.1555567270844
0.287109375	-90.1690889966836
0.2890625	-90.1823649900035
0.291015625	-90.1953909988467
0.29296875	-90.2081731251967
0.294921875	-90.220717289
0.296875	-90.2330292335682
0.298828125	-90.2451145326542
0.30078125	-90.2569785955565
0.302734375	-90.2686266734609
0.3046875	-90.2800638644202
0.306640625	-90.2912951188803
0.30859375	-90.3023252446173
0.310546875	-90.3131589114524
0.3125	-90.323800656244
0.314453125	-90.3342548868342
0.31640625	-90.3445258870117
0.318359375	-90.3546178198584
0.3203125	-90.3645347326088
0.322265625	-90.3742805595312
0.32421875	-90.3838591266045
0.326171875	-90.3932741540269
0.328125	-90.4025292606713
0.330078125	-90.4116279663455
0.33203125	-90.4205736959437
0.333984375	-90.4293697815477
0.3359375	-90.4380194662443
0.337890625	-90.4465259061811
0.33984375	-90.4548921739356
0.341796875	-90.4631212605923
0.34375	-90.4712160787497
0.345703125	-90.4791794645963
0.34765625	-90.4870141804974
0.349609375	-90.4947229171553
0.3515625	-90.502308295819
0.353515625	-90.5097728704686
0.35546875	-90.5171191296682
0.357421875	-90.5243494988861
0.359375	-90.5314663418484
0.361328125	-90.5384719631196
0.36328125	-90.5453686089678
0.365234375	-90.5521584701114
0.3671875	-90.5588436822487
0.369140625	-90.5654263288062
0.37109375	-90.57190844134
0.373046875	-90.5782920021667
0.375	-90.5845789446893
0.376953125	-90.5907711558408
0.37890625	-90.5968704765032
0.380859375	-90.6028787035646
0.3828125	-90.608797590605
0.384765625	-90.6146288495557
0.38671875	-90.6203741515407
0.388671875	-90.6260351282803
0.390625	-90.6316133729641
0.392578125	-90.6371104415316
0.39453125	-90.642527853567
0.396484375	-90.6478670933142
0.3984375	-90.6531296107739
0.400390625	-90.6583168223902
0.40234375	-90.6634301123107
0.404296875	-90.6684708328393
0.40625	-90.6734403057903
0.408203125	-90.6783398227438
0.41015625	-90.6831706464862
0.412109375	-90.687934011102
0.4140625	-90.6926311234069
0.416015625	-90.6972631630596
0.41796875	-90.7018312837978
0.419921875	-90.706336613668
0.421875	-90.7107802560789
0.423828125	-90.71516329017
0.42578125	-90.7194867715808
0.427734375	-90.7237517330236
0.4296875	-90.7279591848006
0.431640625	-90.7321101155746
0.43359375	-90.7362054926101
0.435546875	-90.7402462627163
0.4375	-90.7442333522823
0.439453125	-90.7481676683209
0.44140625	-90.7520500984509
0.443359375	-90.7558815117901
0.4453125	-90.7596627591236
0.447265625	-90.7633946735826
0.44921875	-90.7670780708366
0.451171875	-90.7707137498075
0.453125	-90.774302492828
0.455078125	-90.7778450662064
0.45703125	-90.7813422205261
0.458984375	-90.784794691067
0.4609375	-90.7882031982006
0.462890625	-90.7915684476425
0.46484375	-90.7948911309999
0.466796875	-90.7981719257904
0.46875	-90.8014114962372
0.470703125	-90.8046104929878
0.47265625	-90.8077695541209
0.474609375	-90.8108893047304
0.4765625	-90.8139703579106
0.478515625	-90.8170133143948
0.48046875	-90.8200187634587
0.482421875	-90.8229872825929
0.484375	-90.8259194383267
0.486328125	-90.828815785976
0.48828125	-90.8316768703451
0.490234375	-90.8345032255982
0.4921875	-90.8372953758023
0.494140625	-90.8400538348829
0.49609375	-90.8427791070813
0.498046875	-90.8454716870384
0.5	-90.8481320600716
0.501953125	-90.8507607023262
0.50390625	-90.8533580810357
0.505859375	-90.8559246547177
0.5078125	-90.858460873243
0.509765625	-90.860967178271
0.51171875	-90.8634440031561
0.513671875	-90.8658917733991
0.515625	-90.8683109064802
0.517578125	-90.8707018124362
0.51953125	-90.8730648936293
0.521484375	-90.8754005452786
0.5234375	-90.8777091552615
0.525390625	-90.8799911045625
0.52734375	-90.8822467672263
0.529296875	-90.8844765106204
0.53125	-90.8866806955105
0.533203125	-90.8888596761971
0.53515625	-90.8910138007509
0.537109375	-90.893143410962
0.5390625	-90.8952488427139
0.541015625	-90.8973304257757
0.54296875	-90.8993884843586
0.544921875	-90.901423336755
0.546875	-90.9034352959345
0.548828125	-90.9054246691348
0.55078125	-90.9073917585852
0.552734375	-90.9093368609888
0.5546875	-90.9112602681888
0.556640625	-90.9131622667302
0.55859375	-90.9150431385383
0.560546875	-90.9169031604761
0.5625	-90.9187426048287
0.564453125	-90.9205617391838
0.56640625	-90.9223608266285
0.568359375	-90.924140125785
0.5703125	-90.9258998909478
0.572265625	-90.9276403720925
0.57421875	-90.9293618150293
0.576171875	-90.9310644614887
0.578125	-90.9327485490947
0.580078125	-90.9344143116481
0.58203125	-90.93606197891
0.583984375	-90.9376917770392
0.5859375	-90.9393039282659
0.587890625	-90.9408986513694
0.58984375	-90.9424761613421
0.591796875	-90.9440366698613
0.59375	-90.9455803849683
0.595703125	-90.9471075114821
0.59765625	-90.9486182507649
0.599609375	-90.9501128010375
0.6015625	-90.9515913572433
0.603515625	-90.9530541112038
0.60546875	-90.9545012516994
0.607421875	-90.9559329644406
0.609375	-90.957349432225
0.611328125	-90.9587508348557
0.61328125	-90.9601373493982
0.615234375	-90.9615091499537
0.6171875	-90.9628664080499
0.619140625	-90.964209292344
0.62109375	-90.9655379689571
0.623046875	-90.9668526013215
0.625	-90.9681533503714
0.626953125	-90.9694403744781
0.62890625	-90.9707138295699
0.630859375	-90.9719738691384
0.6328125	-90.9732206442779
0.634765625	-90.9744543037962
0.63671875	-90.9756749941108
0.638671875	-90.9768828594937
0.640625	-90.9780780418369
0.642578125	-90.9792606810799
0.64453125	-90.9804309147554
0.646484375	-90.9815888785489
0.6484375	-90.9827347058104
0.650390625	-90.9838685281437
0.65234375	-90.984990474874
0.654296875	-90.98610067359
0.65625	-90.9871992497548
0.658203125	-90.9882863271452
0.66015625	-90.9893620274495
0.662109375	-90.9904264706916
0.6640625	-90.9914797749831
0.666015625	-90.9925220567407
0.66796875	-90.9935534305835
0.669921875	-90.9945740094347
0.671875	-90.9955839045209
0.673828125	-90.9965832254279
0.67578125	-90.9975720800969
0.677734375	-90.9985505748392
0.6796875	-90.999518814477
0.681640625	-91.0004769021372
0.68359375	-91.0014249395821
0.685546875	-91.0023630269016
0.6875	-91.0032912628765
0.689453125	-91.0042097446666
0.69140625	-91.0051185681689
0.693359375	-91.0060178276858
0.6953125	-91.0069076163491
0.697265625	-91.007788025686
0.69921875	-91.0086591461219
0.701171875	-91.0095210665292
0.703125	-91.010373874703
0.705078125	-91.011217656953
0.70703125	-91.0120524984932
0.708984375	-91.0128784831758
0.7109375	-91.0136956937062
0.712890625	-91.014504211556
0.71484375	-91.0153041170057
0.716796875	-91.016095489202
0.71875	-91.0168784060878
0.720703125	-91.0176529445568
0.72265625	-91.0184191802682
0.724609375	-91.0191771879435
0.7265625	-91.019927041023
0.728515625	-91.0206688121126
0.73046875	-91.0214025725043
0.732421875	-91.0221283927566
0.734375	-91.0228463421198
0.736328125	-91.0235564890755
0.73828125	-91.0242589009053
0.740234375	-91.0249536441379
0.7421875	-91.0256407841215
0.744140625	-91.0263203854693
0.74609375	-91.0269925116509
0.748046875	-91.0276572253816
0.75	-91.0283145884124
0.751953125	-91.028964661556
0.75390625	-91.0296075048369
0.755859375	-91.0302431773106
0.7578125	-91.0308717372463
0.759765625	-91.0314932420543
0.76171875	-91.0321077483059
0.763671875	-91.0327153116935
0.765625	-91.0333159872413
0.767578125	-91.0339098289889
0.76953125	-91.0344968903953
0.771484375	-91.0350772239555
0.7734375	-91.035650881489
0.775390625	-91.0362179140428
0.77734375	-91.0367783719474
0.779296875	-91.0373323047077
0.78125	-91.0378797612375
0.783203125	-91.0384207895726
0.78515625	-91.0389554372004
0.787109375	-91.0394837507804
0.7890625	-91.0400057763577
0.791015625	-91.0405215592587
0.79296875	-91.041031144145
0.794921875	-91.041534575058
0.796875	-91.042031895302
0.798828125	-91.0425231476271
0.80078125	-91.0430083740229
0.802734375	-91.0434876160218
0.8046875	-91.043960914294
0.806640625	-91.0444283091959
0.80859375	-91.0448898401187
0.810546875	-91.045345546233
0.8125	-91.0457954657693
0.814453125	-91.046239636667
0.81640625	-91.046678096009
0.818359375	-91.0471108805883
0.8203125	-91.0475380263367
0.822265625	-91.0479595689135
0.82421875	-91.0483755431642
0.826171875	-91.0487859836433
0.828125	-91.0491909240844
0.830078125	-91.0495903979696
0.83203125	-91.0499844380143
0.833984375	-91.0503730765946
0.8359375	-91.0507563454298
0.837890625	-91.0511342758084
0.83984375	-91.0515068985166
0.841796875	-91.0518742437583
0.84375	-91.052236341384
0.845703125	-91.0525932205577
0.84765625	-91.0529449102181
0.849609375	-91.053291438496
0.8515625	-91.0536328334386
0.853515625	-91.0539691221928
0.85546875	-91.0543003319042
0.857421875	-91.0546264887471
0.859375	-91.0549476189869
0.861328125	-91.0552637478881
0.86328125	-91.0555749008022
0.865234375	-91.0558811021342
0.8671875	-91.0561823763095
0.869140625	-91.0564787469117
0.87109375	-91.056770237433
0.873046875	-91.0570568706863
0.875	-91.057338669241
0.876953125	-91.0576156551443
0.87890625	-91.057887850034
0.880859375	-91.0581552752401
0.8828125	-91.0584179514696
0.884765625	-91.0586758993427
0.88671875	-91.058929138689
0.888671875	-91.0591776893726
0.890625	-91.0594215704024
0.892578125	-91.0596608008902
0.89453125	-91.0598953990331
0.896484375	-91.0601253831827
0.8984375	-91.060350770802
0.900390625	-91.0605715794169
0.90234375	-91.0607878258011
0.904296875	-91.060999526661
0.90625	-91.061206698112
0.908203125	-91.0614093560378
0.91015625	-91.0616075158896
0.912109375	-91.0618011927618
0.9140625	-91.0619904014452
0.916015625	-91.0621751562668
0.91796875	-91.062355471335
0.919921875	-91.0625313602139
0.921875	-91.0627028364071
0.923828125	-91.0628699126648
0.92578125	-91.0630326018825
0.927734375	-91.06319091609
0.9296875	-91.0633448674608
0.931640625	-91.0634944673984
0.93359375	-91.0636397273598
0.935546875	-91.0637806580606
0.9375	-91.063917270323
0.939453125	-91.064049574192
0.94140625	-91.0641775797826
0.943359375	-91.0643012965297
0.9453125	-91.0644207337931
0.947265625	-91.0645359005019
0.94921875	-91.0646468052316
0.951171875	-91.0647534563123
0.953125	-91.0648558616521
0.955078125	-91.0649540289987
0.95703125	-91.065047965519
0.958984375	-91.0651376784
0.9609375	-91.0652231740966
0.962890625	-91.0653044592389
0.96484375	-91.0653815395897
0.966796875	-91.0654544211565
0.96875	-91.0655231091064
0.970703125	-91.0655876087741
0.97265625	-91.0656479247291
0.974609375	-91.065704061662
0.9765625	-91.0657560235286
0.978515625	-91.0658038143568
0.98046875	-91.0658474375784
0.982421875	-91.0658868964877
0.984375	-91.0659221939755
0.986328125	-91.0659533326804
0.98828125	-91.0659803149192
0.990234375	-91.0660031426012
0.9921875	-91.0660218175553
0.994140625	-91.0660363410131
0.99609375	-91.0660467142468
0.998046875	-91.066052937793
