0	0
0.001953125	0.348753750821302
0.00390625	-0.0115188848289034
0.005859375	0.373126536092742
0.0078125	-0.0571440738344253
0.009765625	0.44930111777328
0.01171875	-0.211982677565393
0.013671875	0.784552352678314
0.015625	-5.93298412552889
0.017578125	-23.8797055012191
0.01953125	-29.3481736708066
0.021484375	-33.070976654842
0.0234375	-35.9069082812844
0.025390625	-38.2141315627761
0.02734375	-40.1699838603764
0.029296875	-41.8746130477596
0.03125	-43.3900473005065
0.033203125	-44.7573951269326
0.03515625	-46.0053425844989
0.037109375	-47.1547348541098
0.0390625	-48.2212216330595
0.041015625	-49.2168709977401
0.04296875	-50.1511994876428
0.044921875	-51.0318548980747
0.046875	-51.8650836144091
0.048828125	-52.6560594075732
0.05078125	-53.4091203568259
0.052734375	-54.12794318465
0.0546875	-54.8156739325908
0.056640625	-55.4750275363392
0.05859375	-56.1083648272902
0.060546875	-56.7177528720127
0.0625	-57.3050128249496
0.064453125	-57.8717582936722
0.06640625	-58.419426404602
0.068359375	-58.9493031877528
0.0703125	-59.462544493361
0.072265625	-59.9601933600602
0.07421875	-60.4431945396199
0.076171875	-60.9124067241564
0.078125	-61.3686129025882
0.080078125	-61.8125291828027
0.08203125	-62.2448123470585
0.083984375	-62.6660663548804
0.0859375	-63.076847966365
0.087890625	-63.4776716262553
0.08984375	-63.8690137236099
0.091796875	-64.2513163213547
0.09375	-64.6249904338078
0.095703125	-64.9904189169411
0.09765625	-65.3479590256349
0.099609375	-65.6979446833076
0.1015625	-66.0406885023296
0.103515625	-66.3764835876158
0.10546875	-66.70560515105
0.107421875	-67.0283119602416
0.109375	-67.3448476418417
0.111328125	-67.6554418567168
0.11328125	-67.9603113619848
0.115234375	-68.2596609728266
0.1171875	-68.5536844353386
0.119140625	-68.8425652201942
0.12109375	-69.1264772456646
0.123046875	-69.405585537471
0.125	-69.6800468320562
0.126953125	-69.9500101290105
0.12890625	-70.2156171977981
0.130859375	-70.4770030432357
0.1328125	-70.7342963337711
0.134765625	-70.9876197960612
0.13671875	-71.237090579017
0.138671875	-71.4828205901627
0.140625	-71.7249168067599
0.142578125	-71.9634815640007
0.14453125	-72.1986128222623
0.146484375	-72.4304044152337
0.1484375	-72.6589462805611
0.150390625	-72.8843246744533
0.15234375	-73.1066223716292
0.154296875	-73.3259188517069
0.15625	-73.5422904732627
0.158203125	-73.7558106363811
0.16015625	-73.9665499347584
0.162109375	-74.1745762980043
0.1640625	-74.3799551250533
0.166015625	-74.5827494091867
0.16796875	-74.7830198554617
0.169921875	-74.9808249909158
0.171875	-75.176221268274
0.173828125	-75.3692631634264
0.17578125	-75.5600032672687
0.177734375	-75.7484923722009
0.1796875	-75.9347795537119
0.181640625	-76.1189122473522
0.18359375	-76.3009363214101
0.185546875	-76.4808961455888
0.1875	-76.6588346559451
0.189453125	-76.8347934163108
0.19140625	-77.0088126764604
0.193359375	-77.1809314271922
0.1953125	-77.3511874525619
0.197265625	-77.51961737939
0.19921875	-77.6862567242688
0.201171875	-77.8511399381847
0.203125	-78.0143004489064
0.205078125	-78.1757707012608
0.20703125	-78.3355821954843
0.208984375	-78.4937655236472
0.2109375	-78.6503504043916
0.212890625	-78.8053657159672
0.21484375	-78.9588395277475
0.216796875	-79.1107991302527
0.21875	-79.2612710637971
0.220703125	-79.4102811458184
0.22265625	-79.5578544969818
0.224609375	-79.7040155660855
0.2265625	-79.8487881538924
0.228515625	-79.9921954358702
0.23046875	-80.1342599839753
0.232421875	-80.2750037874695
0.234375	-80.4144482728527
0.236328125	-80.5526143229304
0.23828125	-80.689522295108
0.240234375	-80.8251920388872
0.2421875	-80.9596429126722
0.244140625	-81.0928937998223
0.24609375	-81.2249631241291
0.248046875	-81.3558688646091
0.25	-81.4856285697288
0.251953125	-81.6142593710438
0.25390625	-81.7417779963324
0.255859375	-81.8682007821861
0.2578125	-81.9935436861029
0.259765625	-82.1178222981613
0.26171875	-82.2410518521921
0.263671875	-82.3632472365804
0.265625	-82.4844230045658
0.267578125	-82.6045933843214
0.26953125	-82.7237722884735
0.271484375	-82.8419733234276
0.2734375	-82.9592097982105
0.275390625	-83.0754947331466
0.27734375	-83.1908408680681
0.279296875	-83.3052606703581
0.28125	-83.4187663426216
0.283203125	-83.5313698301304
0.28515625	-83.643082828003
0.287109375	-83.7539167881158
0.2890625	-83.8638829258046
0.291015625	-83.9729922262882
0.29296875	-84.0812554509522
0.294921875	-84.1886831433301
0.296875	-84.2952856349656
0.298828125	-84.4010730510003
0.30078125	-84.5060553156625
0.302734375	-84.6102421574947
0.3046875	-84.7136431144576
0.306640625	-84.8162675388819
0.30859375	-84.9181246021837
0.310546875	-85.0192232995334
0.3125	-85.1195724542893
0.314453125	-85.2191807223367
0.31640625	-85.3180565962905
0.318359375	-85.4162084095343
0.3203125	-85.5136443401643
0.322265625	-85.6103724148153
0.32421875	-85.7064005123289
0.326171875	-85.8017363673754
0.328125	-85.8963875738819
0.330078125	-85.9903615884558
0.33203125	-86.0836657336007
0.333984375	-86.1763072009507
0.3359375	-86.2682930542716
0.337890625	-86.3596302325389
0.33984375	-86.4503255527527
0.341796875	-86.5403857128389
0.34375	-86.6298172943036
0.345703125	-86.7186267649575
0.34765625	-86.8068204814523
0.349609375	-86.8944046918169
0.3515625	-86.9813855378766
0.353515625	-87.067769057648
0.35546875	-87.153561187597
0.357421875	-87.2387677649484
0.359375	-87.3233945297651
0.361328125	-87.4074471271881
0.36328125	-87.4909311093701
0.365234375	-87.5738519375997
0.3671875	-87.65621498414
0.369140625	-87.7380255342246
0.37109375	-87.8192887878539
0.373046875	-87.9000098615511
0.375	-87.9801937902256
0.376953125	-88.0598455287887
0.37890625	-88.1389699538474
0.380859375	-88.2175718652776
0.3828125	-88.2956559879356
0.384765625	-88.3732269729595
0.38671875	-88.4502893995277
0.388671875	-88.5268477760577
0.390625	-88.6029065419153
0.392578125	-88.6784700684515
0.39453125	-88.753542660773
0.396484375	-88.8281285585683
0.3984375	-88.902231937909
0.400390625	-88.9758569120184
0.40234375	-89.049007532902
0.404296875	-89.121687792214
0.40625	-89.193901622692
0.408203125	-89.2656528990245
0.41015625	-89.3369454392354
0.412109375	-89.4077830054913
0.4140625	-89.4781693053984
0.416015625	-89.5481079928513
0.41796875	-89.6176026691421
0.419921875	-89.6866568838983
0.421875	-89.7552741360593
0.423828125	-89.8234578748193
0.42578125	-89.8912115004526
0.427734375	-89.9585383654279
0.4296875	-90.0254417749586
0.431640625	-90.0919249882155
0.43359375	-90.1579912188171
0.435546875	-90.2236436359179
0.4375	-90.2888853648006
0.439453125	-90.3537194878634
0.44140625	-90.4181490451187
0.443359375	-90.4821770352176
0.4453125	-90.5458064159127
0.447265625	-90.6090401050417
0.44921875	-90.6718809809133
0.451171875	-90.7343318833292
0.453125	-90.7963956138943
0.455078125	-90.8580749370122
0.45703125	-90.9193725802094
0.458984375	-90.9802912350579
0.4609375	-91.040833557465
0.462890625	-91.1010021686243
0.46484375	-91.1607996552136
0.466796875	-91.2202285703755
0.46875	-91.2792914338743
0.470703125	-91.337990733003
0.47265625	-91.3963289228259
0.474609375	-91.4543084269518
0.4765625	-91.5119316378014
0.478515625	-91.5692009173878
0.48046875	-91.626118597516
0.482421875	-91.6826869805395
0.484375	-91.738908339605
0.486328125	-91.7947849193235
0.48828125	-91.8503189360181
0.490234375	-91.9055125783532
0.4921875	-91.9603680076285
0.494140625	-92.0148873583162
0.49609375	-92.0690727384013
0.498046875	-92.1229262298197
0.5	-92.1764498888956
0.501953125	-92.2296457467152
0.50390625	-92.2825158094324
0.505859375	-92.3350620587732
0.5078125	-92.3872864523582
0.509765625	-92.4391909240536
0.51171875	-92.4907773843314
0.513671875	-92.5420477206533
0.515625	-92.5930037977289
0.517578125	-92.6436474579969
0.51953125	-92.6939805218067
0.521484375	-92.7440047878458
0.5234375	-92.7937220334205
0.525390625	-92.8431340147478
0.52734375	-92.8922424673413
0.529296875	-92.9410491061728
0.53125	-92.9895556261092
0.533203125	-93.0377637021404
0.53515625	-93.0856749896599
0.537109375	-93.1332911247488
0.5390625	-93.1806137244689
0.541015625	-93.2276443870875
0.54296875	-93.2743846924391
0.544921875	-93.3208362019986
0.546875	-93.3670004593864
0.548828125	-93.4128789903819
0.55078125	-93.4584733033686
0.552734375	-93.5037848893789
0.5546875	-93.5488152225291
0.556640625	-93.593565760079
0.55859375	-93.6380379428068
0.560546875	-93.6822331950909
0.5625	-93.7261529252633
0.564453125	-93.7697985257578
0.56640625	-93.8131713732943
0.568359375	-93.8562728291544
0.5703125	-93.8991042393769
0.572265625	-93.9416669349168
0.57421875	-93.9839622318547
0.576171875	-94.0259914316589
0.578125	-94.0677558212182
0.580078125	-94.1092566732987
0.58203125	-94.1504952463435
0.583984375	-94.1914727851464
0.5859375	-94.2321905205148
0.587890625	-94.27264966985
0.58984375	-94.3128514370618
0.591796875	-94.3527970129601
0.59375	-94.392487575125
0.595703125	-94.4319242884418
0.59765625	-94.4711083048834
0.599609375	-94.5100407640118
0.6015625	-94.5487227928686
0.603515625	-94.5871555062703
0.60546875	-94.6253400069386
0.607421875	-94.6632773856358
0.609375	-94.700968721231
0.611328125	-94.7384150810657
0.61328125	-94.7756175208548
0.615234375	-94.8125770848811
0.6171875	-94.8492948062886
0.619140625	-94.8857717070672
0.62109375	-94.9220087981304
0.623046875	-94.9580070796978
0.625	-94.9937675410764
0.626953125	-95.0292911611334
0.62890625	-95.0645789081254
0.630859375	-95.0996317401252
0.6328125	-95.1344506047193
0.634765625	-95.1690364396204
0.63671875	-95.2033901724156
0.638671875	-95.2375127207842
0.640625	-95.2714049927575
0.642578125	-95.305067886538
0.64453125	-95.3385022909216
0.646484375	-95.3717090851318
0.6484375	-95.4046891392049
0.650390625	-95.4374433137262
0.65234375	-95.4699724603962
0.654296875	-95.502277421645
0.65625	-95.534359031194
0.658203125	-95.5662181136897
0.66015625	-95.597855485294
0.662109375	-95.629271953234
0.6640625	-95.6604683165586
0.666015625	-95.6914453654181
0.66796875	-95.7222038819964
0.669921875	-95.7527446399029
0.671875	-95.7830684047277
0.673828125	-95.813175933872
0.67578125	-95.8430679767813
0.677734375	-95.8727452748698
0.6796875	-95.9022085618487
0.681640625	-95.9314585634113
0.68359375	-95.960495997851
0.685546875	-95.9893215756223
0.6875	-96.017935999748
0.689453125	-96.0463399657482
0.69140625	-96.0745341617727
0.693359375	-96.1025192686869
0.6953125	-96.1302959601073
0.697265625	-96.1578649024091
0.69921875	-96.1852267550017
0.701171875	-96.2123821701359
0.703125	-96.2393317932877
0.705078125	-96.2660762627881
0.70703125	-96.2926162104053
0.708984375	-96.3189522609441
0.7109375	-96.3450850326887
0.712890625	-96.371015137145
0.71484375	-96.396743179399
0.716796875	-96.4222697578828
0.71875	-96.4475954647542
0.720703125	-96.4727208856111
0.72265625	-96.4976465999061
0.724609375	-96.5223731806867
0.7265625	-96.5469011948848
0.728515625	-96.5712312032104
0.73046875	-96.5953637603288
0.732421875	-96.6192994148941
0.734375	-96.6430387094767
0.736328125	-96.6665821808611
0.73828125	-96.689930359763
0.740234375	-96.7130837713143
0.7421875	-96.7360429346298
0.744140625	-96.7588083632195
0.74609375	-96.7813805649356
0.748046875	-96.8037600419824
0.75	-96.8259472909648
0.751953125	-96.8479428029458
0.75390625	-96.8697470635473
0.755859375	-96.8913605529604
0.7578125	-96.9127837459278
0.759765625	-96.934017111888
0.76171875	-96.9550611149169
0.763671875	-96.9759162139461
0.765625	-96.9965828625587
0.767578125	-97.0170615092929
0.76953125	-97.0373525974055
0.771484375	-97.0574565651831
0.7734375	-97.0773738458
0.775390625	-97.0971048674649
0.77734375	-97.1166500532874
0.779296875	-97.1360098216551
0.78125	-97.1551845858485
0.783203125	-97.1741747544209
0.78515625	-97.1929807310285
0.787109375	-97.2116029146484
0.7890625	-97.2300416992947
0.791015625	-97.2482974745432
0.79296875	-97.2663706250377
0.794921875	-97.284261530962
0.796875	-97.301970567736
0.798828125	-97.3194981063397
0.80078125	-97.3368445131143
0.802734375	-97.3540101498918
0.8046875	-97.3709953740537
0.806640625	-97.3878005385103
0.80859375	-97.4044259917591
0.810546875	-97.4208720779026
0.8125	-97.4371391366746
0.814453125	-97.4532275035134
0.81640625	-97.4691375094646
0.818359375	-97.4848694814186
0.8203125	-97.5004237419234
0.822265625	-97.5158006093518
0.82421875	-97.5310003978558
0.826171875	-97.5460234174811
0.828125	-97.5608699740473
0.830078125	-97.5755403693694
0.83203125	-97.590034901048
0.833984375	-97.6043538627499
0.8359375	-97.6184975439452
0.837890625	-97.6324662303331
0.83984375	-97.6462602032834
0.841796875	-97.6598797405399
0.84375	-97.6733251156997
0.845703125	-97.6865965984807
0.84765625	-97.6996944547283
0.849609375	-97.712618946433
0.8515625	-97.7253703315828
0.853515625	-97.737948864566
0.85546875	-97.7503547957504
0.857421875	-97.7625883718147
0.859375	-97.7746498356805
0.861328125	-97.7865394264403
0.86328125	-97.798257379517
0.865234375	-97.8098039265956
0.8671875	-97.8211792956278
0.869140625	-97.8323837110029
0.87109375	-97.8434173932945
0.873046875	-97.854280559569
0.875	-97.8649734232162
0.876953125	-97.8754961939771
0.87890625	-97.8858490781102
0.880859375	-97.896032278168
0.8828125	-97.9060459932549
0.884765625	-97.9158904189053
0.88671875	-97.9255657471043
0.888671875	-97.935072166335
0.890625	-97.9444098615442
0.892578125	-97.9535790143363
0.89453125	-97.9625798026942
0.896484375	-97.9714124012261
0.8984375	-97.9800769810777
0.900390625	-97.9885737099551
0.90234375	-97.9969027522345
0.904296875	-98.0050642688013
0.90625	-98.0130584171545
0.908203125	-98.0208853514962
0.91015625	-98.0285452225997
0.912109375	-98.0360381778989
0.9140625	-98.0433643615432
0.916015625	-98.0505239142701
0.91796875	-98.0575169734933
0.919921875	-98.0643436734823
0.921875	-98.0710041450066
0.923828125	-98.0774985156635
0.92578125	-98.0838269097453
0.927734375	-98.0899894482987
0.9296875	-98.0959862490945
0.931640625	-98.1018174266446
0.93359375	-98.1074830921953
0.935546875	-98.1129833538993
0.9375	-98.1183183164939
0.939453125	-98.1234880816852
0.94140625	-98.128492747796
0.943359375	-98.133332410127
0.9453125	-98.1380071606171
0.947265625	-98.1425170881687
0.94921875	-98.1468622784695
0.951171875	-98.1510428138821
0.953125	-98.1550587738807
0.955078125	-98.1589102345381
0.95703125	-98.1625972688773
0.958984375	-98.1661199468091
0.9609375	-98.1694783349889
0.962890625	-98.172672497044
0.96484375	-98.1757024934708
0.966796875	-98.1785683815025
0.96875	-98.1812702154072
0.970703125	-98.1838080462588
0.97265625	-98.1861819219989
0.974609375	-98.1883918875088
0.9765625	-98.1904379845317
0.978515625	-98.192320251736
0.98046875	-98.1940387245654
0.982421875	-98.195593435632
0.984375	-98.1969844141012
0.986328125	-98.198211686309
0.98828125	-98.1992752754167
0.990234375	-98.2001752015352
0.9921875	-98.2009114815075
0.994140625	-98.2014841293697
0.99609375	-98.2018931558334
0.998046875	-98.2021385686324
