0.0125	-1.40818365646338
0.2625	-8.53981288008301
0.5125	-10.9017425918133
0.7625	-12.6620546771175
1.0125	-13.9702466663485
1.2625	-15.0173313281232
1.5125	-15.8934364190632
1.7625	-16.5950282992961
2.0125	-17.3688613271464
2.2625	-17.9796785307709
2.5125	-18.5869828142998
2.7625	-19.0947739342793
3.0125	-19.6371701972172
3.2625	-20.1171671952799
3.5125	-20.4976470256444
3.7625	-20.8721276124824
4.0125	-21.2234686125673
4.2625	-21.5619446398515
4.5125	-21.8254626692178
4.7625	-22.1669830355466
5.0125	-22.4928370012923
5.2625	-22.7802300784566
5.5125	-23.1005476969681
5.7625	-23.3665513056097
6.0125	-23.6403021330662
6.2625	-23.8807091885032
6.5125	-24.1660398933385
6.7625	-24.4668790987209
7.0125	-24.6866855635321
7.2625	-24.9139545718046
7.5125	-25.1594233042848
7.7625	-25.3551358213905
8.0125	-25.5786477075749
8.2625	-25.7707126603885
8.5125	-25.9553596816951
8.7625	-26.1778583315273
9.0125	-26.3493535308082
9.2625	-26.5524571032074
9.5125	-26.7386203673426
9.7625	-26.918495472935
10.0125	-27.0823398585897
10.2625	-27.2450101966699
10.5125	-27.4208695947198
10.7625	-27.6317126459991
11.0125	-27.8042779790033
11.2625	-28.0120497821536
11.5125	-28.1533919088508
11.7625	-28.3217260625346
12.0125	-28.4823383600257
12.2625	-28.6140311092625
12.5125	-28.7548209347629
12.7625	-28.9046830698857
13.0125	-29.0680631643446
13.2625	-29.2381841724065
13.5125	-29.3803193963408
13.7625	-29.5689117136392
14.0125	-29.7379189171393
14.2625	-29.8591529092733
14.5125	-30.0000159363273
14.7625	-30.1497327887014
15.0125	-30.2778715557484
15.2625	-30.3908318693464
15.5125	-30.5301127326206
15.7625	-30.6318470557238
16.0125	-30.7425733041809
16.2625	-30.8841862766131
16.5125	-31.0131565754299
16.7625	-31.1491077786703
17.0125	-31.2789760053381
17.2625	-31.3907751005447
17.5125	-31.4896740847189
17.7625	-31.6081673559683
18.0125	-31.7277330343303
18.2625	-31.8534302497765
18.5125	-31.941260825465
18.7625	-32.0476898773998
19.0125	-32.139487481726
19.2625	-32.2390080678439
19.5125	-32.3412650631813
19.7625	-32.4143187538898
20.0125	-32.5310526833017
20.2625	-32.6631553714723
20.5125	-32.7234067284231
20.7625	-32.8260118801502
21.0125	-32.896958541341
21.2625	-33.0033259056842
21.5125	-33.1144198064373
21.7625	-33.1983200068075
22.0125	-33.2768713845465
22.2625	-33.3726385857732
22.5125	-33.4408565051784
22.7625	-33.5664634871558
23.0125	-33.6476913006366
23.2625	-33.7142877153181
23.5125	-33.8231139463638
23.7625	-33.898266177412
24.0125	-33.9849534414337
24.2625	-34.0657763436748
24.5125	-34.1683714336647
24.7625	-34.2498796173711
25.0125	-34.3251211798657
25.2625	-34.4091860926496
25.5125	-34.4675333223662
25.7625	-34.5662736901949
26.0125	-34.6377956531196
26.2625	-34.7072653668272
26.5125	-34.7827973008641
26.7625	-34.8707286913185
27.0125	-34.9736673709677
27.2625	-35.0428059895511
27.5125	-35.10474175751
27.7625	-35.1965861718406
28.0125	-35.2782750691008
28.2625	-35.3540680574461
28.5125	-35.4353278689733
28.7625	-35.505630544694
29.0125	-35.5709476374201
29.2625	-35.6378607975671
29.5125	-35.6973587151106
29.7625	-35.7788140830411
30.0125	-35.8463480359675
30.2625	-35.9281483251035
30.5125	-35.9796259459788
30.7625	-36.0368611905787
31.0125	-36.1258398294291
31.2625	-36.2157518053722
31.5125	-36.2837858436666
31.7625	-36.3495565008243
32.0125	-36.4514954229981
32.2625	-36.5054378871945
32.5125	-36.5554714692291
32.7625	-36.6076492883607
33.0125	-36.6810025026684
33.2625	-36.7767414515023
33.5125	-36.8157354097769
33.7625	-36.9127531046331
34.0125	-36.9813577126065
34.2625	-37.0720569349836
34.5125	-37.1310608003558
34.7625	-37.1714795512449
35.0125	-37.2262070814565
35.2625	-37.2944755767499
35.5125	-37.3727009101846
35.7625	-37.433519340767
36.0125	-37.4845691106425
36.2625	-37.5440558526073
36.5125	-37.6092426990989
36.7625	-37.651877596704
37.0125	-37.7377553499755
37.2625	-37.7822388761888
37.5125	-37.8472032486716
37.7625	-37.9223922167774
38.0125	-37.9264206843393
38.2625	-38.0029546994804
38.5125	-38.0839268015248
38.7625	-38.1216605358225
39.0125	-38.2322047387987
39.2625	-38.2671537496965
39.5125	-38.3443706025684
39.7625	-38.3742606799009
40.0125	-38.4314047513404
40.2625	-38.5047197502928
40.5125	-38.5312993254661
40.7625	-38.5982221247271
41.0125	-38.6439646166638
41.2625	-38.7477220988228
41.5125	-38.7537005850332
41.7625	-38.8185115956511
42.0125	-38.8751886421877
42.2625	-38.934878029309
42.5125	-38.97478913138
42.7625	-39.0551126705154
43.0125	-39.0569834749999
43.2625	-39.1221659093
43.5125	-39.1679148763838
43.7625	-39.2753129613942
44.0125	-39.2849815476421
44.2625	-39.3409851855517
44.5125	-39.3613076332693
44.7625	-39.3889747704297
45.0125	-39.4444016530846
45.2625	-39.5571749227085
45.5125	-39.5252274591877
45.7625	-39.6422050788019
46.0125	-39.7115960323619
46.2625	-39.7346542777847
46.5125	-39.7785183917441
46.7625	-39.8196073650779
47.0125	-39.848174504557
47.2625	-39.9548504257947
47.5125	-39.9594850707497
47.7625	-40.0407238664653
48.0125	-40.0605231130843
48.2625	-40.1179949722063
48.5125	-40.1386980927438
48.7625	-40.2181591910437
49.0125	-40.243990396085
49.2625	-40.3027543715254
49.5125	-40.3634876106492
49.7625	-40.3980465542722
50.0125	-40.4837527853641
50.2625	-40.5205381341763
50.5125	-40.5715357326163
50.7625	-40.6280263946987
51.0125	-40.6604018039887
51.2625	-40.751025085522
51.5125	-40.7163825411804
51.7625	-40.8315493986968
52.0125	-40.8714747851211
52.2625	-40.8657334319801
52.5125	-40.9353089560464
52.7625	-40.9609798858831
53.0125	-40.9841660857638
53.2625	-41.0615436339895
53.5125	-41.0751879520596
53.7625	-41.1583510772766
54.0125	-41.1677759276269
54.2625	-41.2382076656446
54.5125	-41.2928414577653
54.7625	-41.3072701762585
55.0125	-41.3358576070252
55.2625	-41.4093235992027
55.5125	-41.4298448913809
55.7625	-41.4912762807101
56.0125	-41.5292748389456
56.2625	-41.5648789769082
56.5125	-41.6274003366727
56.7625	-41.5929193512841
57.0125	-41.6706585179327
57.2625	-41.778519097092
57.5125	-41.8217211380585
57.7625	-41.8464665036522
58.0125	-41.8559699801371
58.2625	-41.9438581903186
58.5125	-41.9114662212298
58.7625	-42.0406288831942
59.0125	-42.0308974960067
59.2625	-42.0847645308967
59.5125	-42.1203351975399
59.7625	-42.1438091967875
60.0125	-42.1508781876392
60.2625	-42.2451120133074
60.5125	-42.2696068909644
60.7625	-42.29457804693
61.0125	-42.3672576668899
61.2625	-42.3348985599396
61.5125	-42.3965776622459
61.7625	-42.4013646786597
62.0125	-42.476572092679
62.2625	-42.5177454346678
62.5125	-42.5319565227121
62.7625	-42.5902751564833
63.0125	-42.6643680087927
63.2625	-42.6757238073572
63.5125	-42.6698651917712
63.7625	-42.7780656399667
64.0125	-42.8434230533605
64.2625	-42.8525026459254
64.5125	-42.8532110947077
64.7625	-42.8753186479324
65.0125	-42.9713915610512
65.2625	-42.9392800080897
65.5125	-43.0178641878975
65.7625	-43.0531371759181
66.0125	-43.0895122756211
66.2625	-43.1246015089651
66.5125	-43.130629106838
66.7625	-43.2244467589825
67.0125	-43.2122791989059
67.2625	-43.2986718614826
67.5125	-43.2462140509533
67.7625	-43.3312861941641
68.0125	-43.341823902345
68.2625	-43.3463430569194
68.5125	-43.3948609080306
68.7625	-43.3427956662354
69.0125	-43.4947481501079
69.2625	-43.52438329074
69.5125	-43.5690919040722
69.7625	-43.6432913875773
70.0125	-43.6191491961565
70.2625	-43.6200758470395
70.5125	-43.6869250841249
70.7625	-43.7620130661471
71.0125	-43.7453742976798
71.2625	-43.8269231448103
71.5125	-43.8178832677892
71.7625	-43.9327501942658
72.0125	-43.9773495012389
72.2625	-43.9156487196826
72.5125	-44.0188636794123
72.7625	-43.9955650985651
73.0125	-44.0955585313814
73.2625	-44.0969783821326
73.5125	-44.1286838179732
73.7625	-44.1145945894586
74.0125	-44.2229035055623
74.2625	-44.1591661242573
74.5125	-44.249346958469
74.7625	-44.1273768732263
75.0125	-44.335130518176
75.2625	-44.3201553492248
75.5125	-44.3876059520814
75.7625	-44.4019811180892
76.0125	-44.3726059045917
76.2625	-44.3004994510799
76.5125	-44.4241646636469
76.7625	-44.4680814882448
77.0125	-44.5754718434494
77.2625	-44.5909137728873
77.5125	-44.6016348858085
77.7625	-44.6202899069473
78.0125	-44.5862486959531
78.2625	-44.68576834525
78.5125	-44.6579650814508
78.7625	-44.7178683242133
79.0125	-44.7239061971772
79.2625	-44.7802505567022
79.5125	-44.7928921391118
79.7625	-44.9129442169936
80.0125	-44.9589024358939
80.2625	-44.9624992163659
80.5125	-44.8880105221374
80.7625	-44.8781342270308
81.0125	-45.015618927357
81.2625	-45.0083282043633
81.5125	-45.004018486797
81.7625	-45.0372636636181
82.0125	-45.0670705052637
82.2625	-45.0905451602913
82.5125	-45.0795130761213
82.7625	-45.0800501094467
83.0125	-45.249589921356
83.2625	-45.2606059714176
83.5125	-45.2059551585794
83.7625	-45.2922917780763
84.0125	-45.1620636975587
84.2625	-45.4179789654216
84.5125	-45.3868297829763
84.7625	-45.3868955306345
85.0125	-45.4102540278347
85.2625	-45.4163900034697
85.5125	-45.5343071155789
85.7625	-45.5177778829967
86.0125	-45.4730551530866
86.2625	-45.6777245811582
86.5125	-45.5305830590346
86.7625	-45.5797548249143
87.0125	-45.7220506121731
87.2625	-45.6981418011822
87.5125	-45.6074589948667
87.7625	-45.6304242475425
88.0125	-45.7530136801973
88.2625	-45.6377358929345
88.5125	-45.6883473320392
88.7625	-45.8294236591906
89.0125	-45.8808863708333
89.2625	-45.8081133233673
89.5125	-45.8918416692503
89.7625	-45.8150259057388
90.0125	-45.9301693840526
90.2625	-45.9517360145343
90.5125	-45.8175632640681
90.7625	-45.9159004816609
91.0125	-46.0173941799306
91.2625	-46.121356679143
91.5125	-46.1031567184203
91.7625	-46.0012055329298
92.0125	-46.1366265051475
92.2625	-46.2163299840619
92.5125	-46.333157391262
92.7625	-46.1601133329465
93.0125	-46.1270465513272
93.2625	-46.2389828218393
93.5125	-46.3005925379526
93.7625	-46.3770148295779
94.0125	-46.3279280494012
94.2625	-46.326318462227
94.5125	-46.4542165085092
94.7625	-46.2413487186999
95.0125	-46.3218787217175
95.2625	-46.3967865013838
95.5125	-46.5019520712046
95.7625	-46.4333101075416
96.0125	-46.5420701805583
96.2625	-46.3793995529374
96.5125	-46.4781661961659
96.7625	-46.4566225815368
97.0125	-46.6320962084617
97.2625	-46.6531914439572
97.5125	-46.6722716146452
97.7625	-46.7105124932942
98.0125	-46.6247571613213
98.2625	-46.7265856290797
98.5125	-46.6160806877783
98.7625	-46.6902794309286
99.0125	-46.7534618025888
99.2625	-46.7019285738755
99.5125	-46.7877271773796
99.7625	-46.8805249303539
100.0125	-46.8584377969949
100.2625	-46.729164695614
100.5125	-46.8253400612236
100.7625	-46.870164312779
101.0125	-47.039485503731
101.2625	-47.0584663822977
101.5125	-47.0097618830799
101.7625	-46.8901833930542
102.0125	-46.954505331306
102.2625	-46.9623207154166
102.5125	-47.0552969960452
102.7625	-46.7684398806045
103.0125	-47.0490826360613
103.2625	-47.2082913554371
103.5125	-47.0242179012234
103.7625	-47.1262994648699
104.0125	-47.1362316850309
104.2625	-47.1134344410921
104.5125	-47.155362591559
104.7625	-47.0391859998087
105.0125	-47.1604495758002
105.2625	-47.3127380425723
105.5125	-47.2975625604715
105.7625	-47.3775136909822
106.0125	-47.2855889395971
106.2625	-47.3719850901632
106.5125	-47.3044215380764
106.7625	-47.51819377943
107.0125	-47.2796824286514
107.2625	-47.3331451240065
107.5125	-47.4280127980148
107.7625	-47.4216876316093
108.0125	-47.4202237909631
108.2625	-47.4608125901746
108.5125	-47.6306734577661
108.7625	-47.5461851851003
109.0125	-47.4801680988416
109.2625	-47.6276200728155
109.5125	-47.5605674807369
109.7625	-47.4889401586956
110.0125	-47.5643135377213
110.2625	-47.7097974270302
110.5125	-47.6255456030019
110.7625	-47.6628147076462
111.0125	-47.6742735452609
111.2625	-47.5837603847248
111.5125	-47.7009168209824
111.7625	-47.8582132922746
112.0125	-47.8254920105513
112.2625	-47.7789833358089
112.5125	-47.8410778720763
112.7625	-47.7455572391751
113.0125	-47.8837121281661
113.2625	-47.8615784613208
113.5125	-47.8059920001707
113.7625	-47.8824289956165
114.0125	-47.7761636761406
114.2625	-48.0226025405235
114.5125	-47.8180718261922
114.7625	-48.0078704654697
115.0125	-48.0456433132589
115.2625	-47.8387224965325
115.5125	-47.7913310967427
115.7625	-48.023404850869
116.0125	-48.1180664302309
116.2625	-47.9485932080107
116.5125	-48.1045175986798
116.7625	-48.0944679854724
117.0125	-48.0376191211521
117.2625	-47.9777080950273
117.5125	-48.1813764714347
117.7625	-48.0155345744742
118.0125	-48.052032222984
118.2625	-48.1966895601946
118.5125	-48.1674665226936
118.7625	-48.1336560820542
119.0125	-48.3363668841107
119.2625	-48.2739821179899
119.5125	-48.1266255758366
119.7625	-48.3101939062008
120.0125	-48.2697545851114
120.2625	-48.1362397607008
120.5125	-48.1127146737914
120.7625	-48.4016191998225
121.0125	-48.4381568053613
121.2625	-48.276786173684
121.5125	-48.4653024666545
121.7625	-48.3011086414403
122.0125	-48.3384909562162
122.2625	-48.2552745194481
122.5125	-48.4207687509644
122.7625	-48.4273859545207
123.0125	-48.4592236451022
123.2625	-48.6603077161394
123.5125	-48.2623416589871
123.7625	-48.6193724648795
124.0125	-48.6435442044648
124.2625	-48.6046348029524
124.5125	-48.4226468719834
124.7625	-48.5514822917001
125.0125	-48.6006942659506
125.2625	-48.726318550544
125.5125	-48.7614470815663
125.7625	-48.6623839167142
126.0125	-48.7626934932485
126.2625	-48.6962022876262
126.5125	-48.7409677219395
126.7625	-48.8087754281344
127.0125	-48.8182826189184
127.2625	-48.9122084621605
127.5125	-48.7801350747034
127.7625	-48.6838030178523
128.0125	-48.8099101862504
128.2625	-48.7841142832228
128.5125	-48.7486724136943
128.7625	-48.768880914448
129.0125	-48.9179842334291
129.2625	-48.9874490646952
129.5125	-48.905971751865
129.7625	-48.9524161722122
130.0125	-49.0398092729369
130.2625	-48.8998395964041
130.5125	-48.8527318064739
130.7625	-48.9608313524312
131.0125	-48.8999375506588
131.2625	-49.0558869738218
131.5125	-48.8651368639348
131.7625	-48.8521571401575
132.0125	-48.9681406323432
132.2625	-48.9424023475677
132.5125	-48.8451591708074
132.7625	-49.1759988980831
133.0125	-49.1810158458459
133.2625	-49.1255630726285
133.5125	-49.2681025049011
133.7625	-49.1912714071975
134.0125	-49.3203523934039
134.2625	-49.1580062669317
134.5125	-49.0289806160242
134.7625	-49.0370582343704
135.0125	-49.2947925617965
135.2625	-48.7534194958789
135.5125	-49.3498676097285
135.7625	-49.3832616709904
136.0125	-48.9744647488402
136.2625	-49.2358755066274
136.5125	-49.4052476064697
136.7625	-49.2588881078699
137.0125	-49.2982522019222
137.2625	-49.4488699729967
137.5125	-49.2884480922556
137.7625	-49.3720375086501
138.0125	-49.3347201001725
138.2625	-49.4428447932883
138.5125	-49.3390189037306
138.7625	-49.315826653042
139.0125	-49.4298065355053
139.2625	-49.546094287282
139.5125	-49.429804089149
139.7625	-49.5613235133973
140.0125	-49.5646830562929
140.2625	-49.3597175815244
140.5125	-49.5338259512781
140.7625	-49.6358972929963
141.0125	-49.3581049090897
141.2625	-49.3951993969926
141.5125	-49.6160201570294
141.7625	-49.7148956921545
142.0125	-49.6569683514427
142.2625	-49.4850182799917
142.5125	-49.5294101001119
142.7625	-49.6547650707506
143.0125	-49.8736193006441
143.2625	-49.661748126595
143.5125	-49.5763941590274
143.7625	-49.6670775091864
144.0125	-49.504550721857
144.2625	-49.6024306555042
144.5125	-49.6912529082472
144.7625	-49.775484925799
145.0125	-49.6879977399573
145.2625	-49.7172194900411
145.5125	-49.8737773196093
145.7625	-49.5781952127521
146.0125	-49.7094186947245
146.2625	-49.7190988450007
146.5125	-50.0641659604655
146.7625	-50.0379674654343
147.0125	-49.8987315893206
147.2625	-49.7801215769004
147.5125	-49.620521618836
147.7625	-49.9393647939752
148.0125	-49.9076982626237
148.2625	-49.9273338017042
148.5125	-49.9630468562462
148.7625	-49.8334568590563
149.0125	-49.9664464408734
149.2625	-49.8380719130583
149.5125	-50.0378476453067
149.7625	-49.9220215076411
150.0125	-49.7811738827324
150.2625	-50.1304707919392
150.5125	-49.9657615242128
150.7625	-49.8425114088919
151.0125	-49.9087696335135
151.2625	-50.0914394007217
151.5125	-49.8538843635554
151.7625	-49.9861700535264
152.0125	-50.1684267774427
152.2625	-49.8068620791568
152.5125	-50.0843734716462
152.7625	-49.7570849428986
153.0125	-50.2294187368912
153.2625	-50.3641962244865
153.5125	-49.8207471124755
153.7625	-50.0476369400235
154.0125	-50.1731124303677
154.2625	-50.0648725765997
154.5125	-50.0606540902225
154.7625	-50.0346157188564
155.0125	-50.0426696636482
155.2625	-50.3058712588662
155.5125	-50.1674245280948
155.7625	-50.1692559981261
156.0125	-50.2321753457045
156.2625	-50.4437201535111
156.5125	-50.3537354712749
156.7625	-50.4480050562522
157.0125	-50.2763350636742
157.2625	-50.3308775961718
157.5125	-50.3870220056114
157.7625	-50.5374009421996
158.0125	-50.4530634047438
158.2625	-50.3549754293806
158.5125	-50.4320872384522
158.7625	-50.4399606067524
159.0125	-50.0742495762246
159.2625	-50.1826482106054
159.5125	-50.4513288818739
159.7625	-50.5478160863721
160.0125	-50.4780258187219
160.2625	-50.4029708246119
160.5125	-50.3567252514868
160.7625	-50.556898913036
161.0125	-50.5244067940927
161.2625	-50.5287616801747
161.5125	-50.5386039920563
161.7625	-50.7086069980831
162.0125	-50.4648296178206
162.2625	-49.8808740144634
162.5125	-50.4669322773924
162.7625	-50.6085932918681
163.0125	-50.7747978318511
163.2625	-50.1853607656685
163.5125	-50.4981353340668
163.7625	-50.7331492641646
164.0125	-50.445323125174
164.2625	-50.719571351625
164.5125	-50.4882848868203
164.7625	-50.2458228922559
165.0125	-50.7741969509614
165.2625	-50.5714457653624
165.5125	-50.7459507603414
165.7625	-50.727741415777
166.0125	-50.6662164257258
166.2625	-50.6090430043649
166.5125	-50.6723859514945
166.7625	-50.647951461521
167.0125	-50.6823559212604
167.2625	-50.7407922731546
167.5125	-50.8456306058444
167.7625	-50.5277469050573
168.0125	-50.7517458370323
168.2625	-50.6720884782703
168.5125	-50.8262805682233
168.7625	-50.5439156984942
169.0125	-50.7954389261998
169.2625	-50.777532926946
169.5125	-50.6097407557879
169.7625	-50.7688080520941
170.0125	-50.7463637942221
170.2625	-50.780600613651
170.5125	-50.7588733401501
170.7625	-50.67367045567
171.0125	-50.9536699374902
171.2625	-50.7357096106885
171.5125	-51.1781843984012
171.7625	-50.9367356898762
172.0125	-51.0874672024632
172.2625	-50.5603250914002
172.5125	-51.2092549062029
172.7625	-51.1532385283001
173.0125	-51.0713227169966
173.2625	-50.850787862902
173.5125	-50.8925398896952
173.7625	-51.2052228381838
174.0125	-51.0185326614796
174.2625	-50.8298964188567
174.5125	-51.2826363849381
174.7625	-51.0217557610775
175.0125	-51.0587755231173
175.2625	-51.3018392682657
175.5125	-51.2079632121029
175.7625	-51.0170660448154
176.0125	-51.1601340971489
176.2625	-51.4257505010656
176.5125	-51.2931289108816
176.7625	-50.9111319970167
177.0125	-50.9701474229116
177.2625	-51.1214756561975
177.5125	-51.225505566455
177.7625	-50.8479359104017
178.0125	-51.202786440074
178.2625	-51.1360867439021
178.5125	-51.0475588337472
178.7625	-51.4601244279145
179.0125	-51.2903364742609
179.2625	-51.1609009687558
179.5125	-51.3070714739585
179.7625	-51.4223969187494
180.0125	-51.2328368820114
180.2625	-50.8859216889738
180.5125	-51.07770422959
180.7625	-51.3846787090622
181.0125	-51.4553492895821
181.2625	-51.3948718879362
181.5125	-51.3224308970271
181.7625	-51.2969143678255
182.0125	-51.5258184351973
182.2625	-51.3818501246974
182.5125	-51.0338938991698
182.7625	-51.5938640321087
183.0125	-51.1305778425982
183.2625	-51.5425661107548
183.5125	-51.3308729799808
183.7625	-51.2593956103742
184.0125	-51.2096959302907
184.2625	-51.2822557195547
184.5125	-51.4034855822735
184.7625	-51.4777553193024
185.0125	-51.5023501654532
185.2625	-51.5833312856083
185.5125	-51.1669241162991
185.7625	-51.3636815866525
186.0125	-51.6229481968227
186.2625	-51.2611848106491
186.5125	-51.3904973988771
186.7625	-51.606031805863
187.0125	-51.3068969412858
187.2625	-51.07364838931
187.5125	-51.4895405950489
187.7625	-51.3518107014682
188.0125	-51.4093830528678
188.2625	-51.5801373968725
188.5125	-51.4091351519367
188.7625	-51.287209457767
189.0125	-51.1412186437959
189.2625	-51.4956127009282
189.5125	-51.5021196453907
189.7625	-51.6716596102328
190.0125	-51.6691224955029
190.2625	-51.6002098707783
190.5125	-51.3346142580569
190.7625	-51.7534089282554
191.0125	-51.7723563454893
191.2625	-51.8191437231348
191.5125	-51.6639852893373
191.7625	-51.6638809418458
192.0125	-51.2834732026682
192.2625	-51.4671431122671
192.5125	-51.9026542919809
192.7625	-51.3211179847678
193.0125	-51.6747687783528
193.2625	-51.6654319614827
193.5125	-51.5813484564524
193.7625	-51.8878031776368
194.0125	-51.3821906495919
194.2625	-51.4940411148798
194.5125	-51.67702934428
194.7625	-51.7851977197044
195.0125	-51.6608965570496
195.2625	-51.73103886063
195.5125	-51.8032029643324
195.7625	-51.6977467271443
196.0125	-51.5066008349889
196.2625	-51.5575662167297
196.5125	-51.7894755574402
196.7625	-51.495412130471
197.0125	-52.0047393123942
197.2625	-51.8830480256808
197.5125	-51.8670531350451
197.7625	-51.6448582981386
198.0125	-51.8269707137581
198.2625	-51.5695572372016
198.5125	-51.6026952495307
198.7625	-51.4752576130662
199.0125	-52.0762482125736
199.2625	-52.1309407988781
199.5125	-52.025117241264
199.7625	-51.316420874049
200.0125	-51.8123156172818
200.2625	-51.6646733625764
200.5125	-51.7732965391288
200.7625	-51.8780813031782
201.0125	-52.0500969519206
201.2625	-51.7125509212022
201.5125	-52.0028559879855
201.7625	-51.8801273102138
202.0125	-52.1977650122814
202.2625	-51.9662643904245
202.5125	-51.940483206151
202.7625	-52.016848910835
203.0125	-52.1911656421696
203.2625	-52.3086579046148
203.5125	-51.9631492600113
203.7625	-52.2376259945348
204.0125	-51.8471836117548
204.2625	-52.1290866122035
204.5125	-51.9149475592266
204.7625	-51.8470501783897
205.0125	-51.9149096159545
205.2625	-51.8525664327069
205.5125	-52.0067468417735
205.7625	-51.8125160206275
206.0125	-52.017683196652
206.2625	-52.0193719908484
206.5125	-51.8311276556852
206.7625	-52.3246077622432
207.0125	-52.4341789288541
207.2625	-52.1728461192978
207.5125	-52.3934465326381
207.7625	-52.1319990592572
208.0125	-51.999272820808
208.2625	-51.9847447992476
208.5125	-52.0270095240228
208.7625	-52.2529570267576
209.0125	-52.3017288327009
209.2625	-51.5850186377807
209.5125	-52.1637032750718
209.7625	-52.3307265618512
210.0125	-52.1590030127031
210.2625	-52.2266795544281
210.5125	-52.3671189772462
210.7625	-52.3700399314215
211.0125	-52.4119901142661
211.2625	-52.4893019895924
211.5125	-52.2788510612351
211.7625	-52.3964019579443
212.0125	-52.1118696017939
212.2625	-52.3842239953235
212.5125	-52.0651981874599
212.7625	-52.53558877507
213.0125	-52.3065453667645
213.2625	-52.335794174045
213.5125	-52.3258550411793
213.7625	-52.2225899023906
214.0125	-52.4018933425602
214.2625	-51.9793924072635
214.5125	-52.3206610600485
214.7625	-52.0626739821817
215.0125	-52.6081537188212
215.2625	-52.4687583672891
215.5125	-52.5928384857182
215.7625	-52.7102353742743
216.0125	-52.0621684143487
216.2625	-52.2190969839118
216.5125	-51.7884073383607
216.7625	-52.5715649146055
217.0125	-51.9578066342039
217.2625	-51.9344984373759
217.5125	-52.0632848877656
217.7625	-52.3515476137932
218.0125	-52.3539375047985
218.2625	-52.3967572466516
218.5125	-52.3116934574101
218.7625	-52.5923678686198
219.0125	-52.6063890211475
219.2625	-52.4488335707976
219.5125	-52.0655836136351
219.7625	-52.3923152404358
220.0125	-52.7500979481292
220.2625	-52.1000956526163
220.5125	-52.6080970627291
220.7625	-52.7063275408562
221.0125	-52.3126448304352
221.2625	-52.2887496271632
221.5125	-52.0484236584329
221.7625	-52.8678120697694
222.0125	-52.377399352454
222.2625	-52.6578882643865
222.5125	-52.7317380544707
222.7625	-52.4460402959138
223.0125	-52.5590495852808
223.2625	-52.3876901429806
223.5125	-52.2537113739498
223.7625	-52.4156420637573
224.0125	-52.8333877524076
224.2625	-52.4354468465548
224.5125	-52.4115025769923
224.7625	-52.4479643558906
225.0125	-52.7156595417623
225.2625	-52.6721125347393
225.5125	-52.5845288477377
225.7625	-52.6897674256031
226.0125	-52.7362714059549
226.2625	-52.5902963749966
226.5125	-52.2424715666938
226.7625	-52.9968851958218
227.0125	-53.0603391686022
227.2625	-52.7026587492013
227.5125	-52.8579925945015
227.7625	-52.3893332810295
228.0125	-52.3461202713183
228.2625	-52.6805610002016
228.5125	-52.6151977368494
228.7625	-53.0044800017737
229.0125	-52.7475407469579
229.2625	-52.5605599768809
229.5125	-52.4896561064753
229.7625	-52.5635848809098
230.0125	-52.7415541439486
230.2625	-52.6223007613372
230.5125	-52.409330418226
230.7625	-52.8931597307028
231.0125	-53.284697114296
231.2625	-52.8039277861639
231.5125	-52.7243972168636
231.7625	-52.4752354391356
232.0125	-52.826894968877
232.2625	-52.9200449532551
232.5125	-52.889941103611
232.7625	-52.9836979595976
233.0125	-52.8623168286779
233.2625	-52.617538546432
233.5125	-52.6520541997899
233.7625	-52.5347101713479
234.0125	-52.9856674225331
234.2625	-53.2264207510353
234.5125	-52.5348145487294
234.7625	-53.3172594445039
235.0125	-52.8127686467838
235.2625	-52.4989929602465
235.5125	-52.9906964000463
235.7625	-53.1426821183116
236.0125	-52.9752162788722
236.2625	-53.124379554364
236.5125	-53.1691146748023
236.7625	-52.216896437023
237.0125	-52.7129985723883
237.2625	-52.9991719577486
237.5125	-52.7830756163025
237.7625	-52.9869320070964
238.0125	-52.3160824674186
238.2625	-52.8748154991003
238.5125	-52.8289793801744
238.7625	-53.0070705489787
239.0125	-52.5963746269676
239.2625	-53.2713477268555
239.5125	-53.1860420724049
239.7625	-52.6974928532688
240.0125	-53.1393595176786
240.2625	-52.7993482063464
240.5125	-52.7903450546142
240.7625	-53.0063139178351
241.0125	-52.7120260321404
241.2625	-53.1681844471531
241.5125	-53.2165113617395
241.7625	-52.528887175525
242.0125	-52.7013368234899
242.2625	-53.1636295389675
242.5125	-52.9148384628411
242.7625	-52.8757558078863
243.0125	-52.9922350629271
243.2625	-53.0865848439438
243.5125	-53.2230644215831
243.7625	-53.0869128305772
244.0125	-53.2229184923328
244.2625	-52.7424629525097
244.5125	-52.404653738759
244.7625	-53.2586487084833
245.0125	-52.8756000282249
245.2625	-52.713453952196
245.5125	-53.2672579291819
245.7625	-53.1856572292125
246.0125	-53.131601726569
246.2625	-53.3706756351225
246.5125	-52.5733994990513
246.7625	-53.3235057784022
247.0125	-52.9512593943327
247.2625	-53.1979888212292
247.5125	-52.9238395567973
247.7625	-53.4160305697743
248.0125	-52.3036005819299
248.2625	-53.1850608758706
248.5125	-53.5371454313573
248.7625	-53.0264004047501
249.0125	-53.543324664309
249.2625	-53.5627184128862
249.5125	-53.5618771984388
249.7625	-52.8813610605561
250.0125	-52.9004542512602
250.2625	-53.3186536022892
250.5125	-53.1570096724312
250.7625	-52.9952176947456
251.0125	-53.0915333276085
251.2625	-53.4462011754222
251.5125	-52.9097200047956
251.7625	-52.6240468197803
252.0125	-53.1289955222363
252.2625	-53.1967256585783
252.5125	-53.45727349188
252.7625	-53.0712771591341
253.0125	-52.7678242041636
253.2625	-53.6460321963485
253.5125	-53.525049758312
253.7625	-53.0285104714335
254.0125	-53.355822141687
254.2625	-52.7542450407385
254.5125	-53.3873558780612
254.7625	-53.0665423286922
255.0125	-53.5449006202079
255.2625	-53.496123103054
255.5125	-53.4941728021744
255.7625	-53.2595551918313
256.0125	-53.1421505713184
256.2625	-53.5572482630803
256.5125	-53.1706797257083
256.7625	-53.0580750882554
257.0125	-53.4558179680726
257.2625	-53.3546431847438
257.5125	-52.9723122824185
257.7625	-53.2190453714633
258.0125	-53.8172206618958
258.2625	-53.3490780414342
258.5125	-53.7319517978658
258.7625	-52.3829259028348
259.0125	-53.7809329979646
259.2625	-53.5992168977148
259.5125	-53.142850726537
259.7625	-53.3487997011645
260.0125	-53.702889282145
260.2625	-53.4012919032534
260.5125	-53.5577253642289
260.7625	-53.5125820952943
261.0125	-53.1114939393971
261.2625	-53.5961772154515
261.5125	-53.4843318844555
261.7625	-53.2725812318867
262.0125	-53.9038346621407
262.2625	-53.6370735207879
262.5125	-53.4128480991645
262.7625	-53.5559012287951
263.0125	-53.4250173349777
263.2625	-53.1410823299001
263.5125	-53.3618177889501
263.7625	-53.6776639443108
264.0125	-52.9341345888538
264.2625	-53.3728789552103
264.5125	-53.7107639158367
264.7625	-53.1975070095062
265.0125	-53.1748999524108
265.2625	-52.9196552991188
265.5125	-53.7424160231138
265.7625	-53.8781789579795
266.0125	-53.4471185533752
266.2625	-53.3031107146684
266.5125	-53.9085775824742
266.7625	-53.6084937948209
267.0125	-53.7348939251855
267.2625	-53.6966567724442
267.5125	-53.4311567566919
267.7625	-53.5423216820447
268.0125	-52.3191580752712
268.2625	-53.1982746941697
268.5125	-53.9080057304864
268.7625	-53.0864471685044
269.0125	-53.4845056991885
269.2625	-53.2168120263884
269.5125	-53.4831456515462
269.7625	-53.9221317485498
270.0125	-53.2930838952126
270.2625	-53.7571675198906
270.5125	-53.5079027504532
270.7625	-52.6648540797603
271.0125	-53.6171136210735
271.2625	-53.5442205759481
271.5125	-53.4293784328139
271.7625	-53.7331239399589
272.0125	-53.5316197519178
272.2625	-53.4849389599803
272.5125	-53.5566968440235
272.7625	-53.6343188764522
273.0125	-53.5919862240982
273.2625	-53.8130672572778
273.5125	-52.9813275225256
273.7625	-53.5304170827068
274.0125	-53.4128608308792
274.2625	-53.8527952856993
274.5125	-53.4061376504987
274.7625	-53.6536567660142
275.0125	-53.3727145997861
275.2625	-53.5535582172349
275.5125	-52.2518536398563
275.7625	-54.109485321918
276.0125	-53.5970940439282
276.2625	-53.7864931374631
276.5125	-53.8231638822945
276.7625	-54.0291381742075
277.0125	-53.4388767839846
277.2625	-53.5089724860921
277.5125	-53.9409243690772
277.7625	-53.9551158794048
278.0125	-53.7532397880348
278.2625	-53.3218110250153
278.5125	-53.6563774922464
278.7625	-53.6505815071559
279.0125	-53.9272122012589
279.2625	-53.57678210565
279.5125	-54.3383373928825
279.7625	-53.7854356676796
280.0125	-53.0671532555737
280.2625	-54.0940042652083
280.5125	-54.0074863374194
280.7625	-52.4890482300932
281.0125	-53.8621330975834
281.2625	-53.9635958627337
281.5125	-53.3044830802663
281.7625	-53.7905189956657
282.0125	-54.1086013089306
282.2625	-53.6263827070123
282.5125	-53.8802915881465
282.7625	-53.9403582041022
283.0125	-54.1099430302061
283.2625	-53.7269380115971
283.5125	-54.2502575720086
283.7625	-53.9090466613005
284.0125	-53.755155667722
284.2625	-53.2457097962135
284.5125	-53.2049107678485
284.7625	-53.9734050764001
285.0125	-53.9519027300856
285.2625	-53.1169420212305
285.5125	-53.2227832494011
285.7625	-53.8276267386934
286.0125	-53.3651382726641
286.2625	-54.0235945568342
286.5125	-53.1025529452623
286.7625	-54.3005006071703
287.0125	-54.0481043605441
287.2625	-53.1456944137885
287.5125	-53.7253492786751
287.7625	-53.6915658377217
288.0125	-53.7636235084784
288.2625	-53.8305587692458
288.5125	-53.7603282389862
288.7625	-54.0813885145306
289.0125	-53.8846649137162
289.2625	-53.9445150024112
289.5125	-53.1027577510431
289.7625	-53.876655565739
290.0125	-54.113706609157
290.2625	-54.0943096201435
290.5125	-53.9444844556471
290.7625	-53.7809869693261
291.0125	-54.0628797355309
291.2625	-53.4444719738335
291.5125	-53.235292723261
291.7625	-53.8600774495154
292.0125	-53.949468418596
292.2625	-54.2051315337964
292.5125	-53.7768948247622
292.7625	-53.8410931450962
293.0125	-54.2930757472437
293.2625	-53.8933613936555
293.5125	-53.599816845608
293.7625	-54.0047627132382
294.0125	-53.874258955724
294.2625	-54.0554390754417
294.5125	-54.4359225694252
294.7625	-53.9841578368179
295.0125	-54.2877949788915
295.2625	-53.4320929250216
295.5125	-53.5210021003934
295.7625	-54.010619537208
296.0125	-54.5190329914345
296.2625	-54.16277964027
296.5125	-54.2328300169086
296.7625	-54.0759277113152
297.0125	-54.1644119161483
297.2625	-53.601748625155
297.5125	-53.6088630028038
297.7625	-53.9876159677644
298.0125	-52.5951359297485
298.2625	-54.1258158152959
298.5125	-53.5453095628566
298.7625	-53.7233811911255
299.0125	-53.7295492212114
299.2625	-54.0421438829105
299.5125	-54.6428272033066
299.7625	-54.3468403738289
